2.320000000000000000e+02 3.900000000000000000e+01 8.800000000000000000e+01 2.000000000000000000e+00
3.110000000000000000e+02 2.430000000000000000e+02 9.050000000000000000e+01 3.000000000000000000e+00
3.120000000000000000e+02 3.080000000000000000e+02 9.533333333333332860e+01 4.000000000000000000e+00
2.720000000000000000e+02 4.600000000000000000e+01 1.040000000000000000e+02 2.000000000000000000e+00
3.130000000000000000e+02 2.560000000000000000e+02 1.110000000000000000e+02 3.000000000000000000e+00
1.600000000000000000e+02 9.000000000000000000e+00 1.170000000000000000e+02 2.000000000000000000e+00
3.140000000000000000e+02 2.120000000000000000e+02 1.156666666666666714e+02 4.000000000000000000e+00
3.150000000000000000e+02 1.910000000000000000e+02 1.185000000000000000e+02 3.000000000000000000e+00
3.160000000000000000e+02 2.600000000000000000e+02 1.210000000000000000e+02 4.000000000000000000e+00
3.170000000000000000e+02 1.660000000000000000e+02 1.227500000000000000e+02 5.000000000000000000e+00
1.620000000000000000e+02 2.580000000000000000e+02 1.270000000000000000e+02 2.000000000000000000e+00
3.180000000000000000e+02 2.800000000000000000e+02 1.242000000000000028e+02 6.000000000000000000e+00
3.190000000000000000e+02 3.000000000000000000e+00 1.245000000000000000e+02 7.000000000000000000e+00
1.430000000000000000e+02 1.340000000000000000e+02 1.300000000000000000e+02 2.000000000000000000e+00
3.200000000000000000e+02 2.390000000000000000e+02 1.205000000000000000e+02 5.000000000000000000e+00
3.210000000000000000e+02 2.340000000000000000e+02 1.260000000000000000e+02 8.000000000000000000e+00
3.220000000000000000e+02 1.000000000000000000e+02 1.265000000000000000e+02 9.000000000000000000e+00
2.690000000000000000e+02 1.400000000000000000e+02 1.340000000000000000e+02 2.000000000000000000e+00
3.230000000000000000e+02 5.600000000000000000e+01 1.271111111111111143e+02 1.000000000000000000e+01
3.240000000000000000e+02 8.800000000000000000e+01 1.279000000000000057e+02 1.100000000000000000e+01
3.250000000000000000e+02 2.830000000000000000e+02 1.308181818181818130e+02 1.200000000000000000e+01
3.260000000000000000e+02 1.680000000000000000e+02 1.365000000000000000e+02 3.000000000000000000e+00
3.270000000000000000e+02 1.930000000000000000e+02 1.390000000000000000e+02 4.000000000000000000e+00
3.280000000000000000e+02 7.400000000000000000e+01 1.330000000000000000e+02 1.300000000000000000e+01
3.290000000000000000e+02 2.170000000000000000e+02 1.339230769230769340e+02 1.400000000000000000e+01
3.300000000000000000e+02 2.080000000000000000e+02 1.410000000000000000e+02 5.000000000000000000e+00
3.310000000000000000e+02 2.100000000000000000e+02 1.405000000000000000e+02 3.000000000000000000e+00
3.320000000000000000e+02 1.100000000000000000e+02 1.411999999999999886e+02 6.000000000000000000e+00
3.330000000000000000e+02 3.040000000000000000e+02 1.421666666666666572e+02 7.000000000000000000e+00
3.340000000000000000e+02 6.300000000000000000e+01 1.338571428571428612e+02 1.500000000000000000e+01
3.350000000000000000e+02 1.060000000000000000e+02 1.420000000000000000e+02 4.000000000000000000e+00
3.360000000000000000e+02 2.700000000000000000e+01 1.425714285714285836e+02 8.000000000000000000e+00
3.370000000000000000e+02 2.660000000000000000e+02 1.440000000000000000e+02 9.000000000000000000e+00
3.380000000000000000e+02 7.300000000000000000e+01 1.451111111111111143e+02 1.000000000000000000e+01
3.390000000000000000e+02 2.300000000000000000e+01 1.472500000000000000e+02 5.000000000000000000e+00
3.400000000000000000e+02 1.650000000000000000e+02 1.465000000000000000e+02 1.100000000000000000e+01
3.410000000000000000e+02 6.700000000000000000e+01 1.476363636363636260e+02 1.200000000000000000e+01
3.420000000000000000e+02 1.440000000000000000e+02 1.515999999999999943e+02 6.000000000000000000e+00
3.440000000000000000e+02 3.430000000000000000e+02 1.342500000000000000e+02 1.900000000000000000e+01
3.450000000000000000e+02 2.810000000000000000e+02 1.516666666666666572e+02 7.000000000000000000e+00
3.460000000000000000e+02 1.800000000000000000e+02 1.527142857142857224e+02 8.000000000000000000e+00
2.260000000000000000e+02 1.590000000000000000e+02 1.570000000000000000e+02 2.000000000000000000e+00
1.570000000000000000e+02 2.250000000000000000e+02 1.580000000000000000e+02 2.000000000000000000e+00
6.400000000000000000e+01 1.210000000000000000e+02 1.580000000000000000e+02 2.000000000000000000e+00
3.470000000000000000e+02 5.300000000000000000e+01 1.521250000000000000e+02 9.000000000000000000e+00
3.480000000000000000e+02 7.000000000000000000e+00 1.544444444444444571e+02 1.000000000000000000e+01
3.490000000000000000e+02 4.400000000000000000e+01 1.504166666666666572e+02 1.300000000000000000e+01
3.500000000000000000e+02 5.500000000000000000e+01 1.541999999999999886e+02 1.100000000000000000e+01
3.100000000000000000e+02 3.050000000000000000e+02 1.640000000000000000e+02 2.000000000000000000e+00
3.510000000000000000e+02 1.830000000000000000e+02 1.394736842105263293e+02 2.000000000000000000e+01
3.520000000000000000e+02 5.800000000000000000e+01 1.565454545454545325e+02 1.200000000000000000e+01
3.530000000000000000e+02 2.330000000000000000e+02 1.577500000000000000e+02 1.300000000000000000e+01
1.050000000000000000e+02 1.860000000000000000e+02 1.710000000000000000e+02 2.000000000000000000e+00
3.540000000000000000e+02 8.600000000000000000e+01 1.588461538461538396e+02 1.400000000000000000e+01
3.550000000000000000e+02 1.240000000000000000e+02 1.617857142857142776e+02 1.500000000000000000e+01
1.230000000000000000e+02 1.780000000000000000e+02 1.720000000000000000e+02 2.000000000000000000e+00
3.560000000000000000e+02 1.670000000000000000e+02 1.620666666666666629e+02 1.600000000000000000e+01
3.580000000000000000e+02 3.570000000000000000e+02 1.548076923076923208e+02 1.500000000000000000e+01
1.850000000000000000e+02 7.600000000000000000e+01 1.780000000000000000e+02 2.000000000000000000e+00
3.590000000000000000e+02 1.270000000000000000e+02 1.628750000000000000e+02 1.700000000000000000e+01
1.700000000000000000e+02 2.850000000000000000e+02 1.800000000000000000e+02 2.000000000000000000e+00
3.600000000000000000e+02 2.020000000000000000e+02 1.668823529411764639e+02 1.800000000000000000e+01
3.610000000000000000e+02 2.640000000000000000e+02 1.679444444444444571e+02 1.900000000000000000e+01
3.620000000000000000e+02 2.900000000000000000e+02 1.682631578947368496e+02 2.000000000000000000e+01
2.290000000000000000e+02 1.990000000000000000e+02 1.860000000000000000e+02 2.000000000000000000e+00
3.630000000000000000e+02 1.030000000000000000e+02 1.840000000000000000e+02 3.000000000000000000e+00
3.640000000000000000e+02 2.780000000000000000e+02 1.850000000000000000e+02 4.000000000000000000e+00
3.650000000000000000e+02 6.000000000000000000e+00 1.862500000000000000e+02 5.000000000000000000e+00
3.670000000000000000e+02 3.660000000000000000e+02 1.677500000000000000e+02 2.200000000000000000e+01
3.680000000000000000e+02 1.540000000000000000e+02 1.686363636363636260e+02 2.300000000000000000e+01
3.700000000000000000e+02 3.690000000000000000e+02 1.672173913043478137e+02 2.500000000000000000e+01
1.290000000000000000e+02 8.100000000000000000e+01 1.900000000000000000e+02 2.000000000000000000e+00
3.710000000000000000e+02 2.880000000000000000e+02 1.930000000000000000e+02 3.000000000000000000e+00
3.720000000000000000e+02 9.200000000000000000e+01 1.950000000000000000e+02 3.000000000000000000e+00
1.580000000000000000e+02 4.100000000000000000e+01 1.950000000000000000e+02 2.000000000000000000e+00
1.720000000000000000e+02 1.510000000000000000e+02 1.960000000000000000e+02 2.000000000000000000e+00
3.740000000000000000e+02 3.730000000000000000e+02 1.691800000000000068e+02 2.700000000000000000e+01
3.750000000000000000e+02 2.590000000000000000e+02 1.940000000000000000e+02 4.000000000000000000e+00
3.760000000000000000e+02 7.000000000000000000e+01 1.946666666666666572e+02 4.000000000000000000e+00
3.770000000000000000e+02 1.300000000000000000e+01 2.010000000000000000e+02 3.000000000000000000e+00
3.780000000000000000e+02 2.270000000000000000e+02 2.000000000000000000e+02 3.000000000000000000e+00
3.800000000000000000e+02 3.790000000000000000e+02 1.768333333333333428e+02 2.900000000000000000e+01
3.810000000000000000e+02 2.110000000000000000e+02 1.957500000000000000e+02 5.000000000000000000e+00
3.820000000000000000e+02 2.150000000000000000e+02 1.995000000000000000e+02 5.000000000000000000e+00
3.830000000000000000e+02 1.640000000000000000e+02 1.985999999999999943e+02 6.000000000000000000e+00
3.840000000000000000e+02 4.000000000000000000e+00 1.984000000000000057e+02 6.000000000000000000e+00
3.850000000000000000e+02 2.100000000000000000e+01 2.000000000000000000e+02 7.000000000000000000e+00
3.860000000000000000e+02 1.090000000000000000e+02 2.036666666666666572e+02 4.000000000000000000e+00
3.870000000000000000e+02 1.000000000000000000e+00 2.024285714285714164e+02 8.000000000000000000e+00
1.370000000000000000e+02 4.800000000000000000e+01 2.100000000000000000e+02 2.000000000000000000e+00
3.880000000000000000e+02 1.400000000000000000e+01 2.103333333333333428e+02 4.000000000000000000e+00
3.890000000000000000e+02 4.000000000000000000e+01 2.055000000000000000e+02 5.000000000000000000e+00
3.900000000000000000e+02 1.310000000000000000e+02 2.065999999999999943e+02 6.000000000000000000e+00
3.910000000000000000e+02 6.800000000000000000e+01 2.081666666666666572e+02 7.000000000000000000e+00
3.920000000000000000e+02 2.000000000000000000e+00 2.081428571428571388e+02 8.000000000000000000e+00
3.930000000000000000e+02 5.700000000000000000e+01 2.093750000000000000e+02 9.000000000000000000e+00
3.940000000000000000e+02 6.600000000000000000e+01 1.828965517241379359e+02 3.000000000000000000e+01
3.950000000000000000e+02 2.980000000000000000e+02 2.160000000000000000e+02 3.000000000000000000e+00
3.960000000000000000e+02 8.000000000000000000e+01 2.098888888888888857e+02 1.000000000000000000e+01
3.970000000000000000e+02 3.100000000000000000e+01 1.856333333333333258e+02 3.100000000000000000e+01
3.980000000000000000e+02 9.000000000000000000e+01 2.108000000000000114e+02 1.100000000000000000e+01
4.000000000000000000e+02 3.990000000000000000e+02 1.838387096774193594e+02 3.300000000000000000e+01
4.010000000000000000e+02 2.940000000000000000e+02 2.113636363636363740e+02 1.200000000000000000e+01
4.020000000000000000e+02 3.000000000000000000e+02 2.120833333333333428e+02 1.300000000000000000e+01
4.030000000000000000e+02 2.990000000000000000e+02 2.180000000000000000e+02 5.000000000000000000e+00
4.050000000000000000e+02 4.040000000000000000e+02 1.858787878787878753e+02 3.500000000000000000e+01
4.070000000000000000e+02 4.060000000000000000e+02 1.921857142857142833e+02 3.700000000000000000e+01
4.080000000000000000e+02 8.500000000000000000e+01 2.172307692307692264e+02 1.400000000000000000e+01
4.090000000000000000e+02 8.700000000000000000e+01 2.180000000000000000e+02 4.000000000000000000e+00
4.100000000000000000e+02 2.700000000000000000e+02 2.195000000000000000e+02 5.000000000000000000e+00
4.110000000000000000e+02 2.770000000000000000e+02 2.205999999999999943e+02 6.000000000000000000e+00
1.760000000000000000e+02 8.900000000000000000e+01 2.260000000000000000e+02 2.000000000000000000e+00
4.120000000000000000e+02 1.200000000000000000e+02 2.211999999999999886e+02 6.000000000000000000e+00
4.130000000000000000e+02 2.740000000000000000e+02 2.190714285714285836e+02 1.500000000000000000e+01
4.140000000000000000e+02 1.190000000000000000e+02 2.225000000000000000e+02 7.000000000000000000e+00
4.150000000000000000e+02 2.310000000000000000e+02 2.218571428571428612e+02 8.000000000000000000e+00
4.160000000000000000e+02 1.000000000000000000e+01 2.228750000000000000e+02 9.000000000000000000e+00
4.170000000000000000e+02 1.180000000000000000e+02 2.200666666666666629e+02 1.600000000000000000e+01
4.180000000000000000e+02 2.400000000000000000e+01 2.310000000000000000e+02 3.000000000000000000e+00
4.190000000000000000e+02 1.150000000000000000e+02 2.238888888888888857e+02 1.000000000000000000e+01
4.200000000000000000e+02 3.010000000000000000e+02 2.243000000000000114e+02 1.100000000000000000e+01
4.210000000000000000e+02 0.000000000000000000e+00 2.303333333333333428e+02 4.000000000000000000e+00
4.220000000000000000e+02 2.650000000000000000e+02 2.250909090909090935e+02 1.200000000000000000e+01
4.230000000000000000e+02 6.000000000000000000e+01 2.255833333333333428e+02 1.300000000000000000e+01
4.240000000000000000e+02 8.200000000000000000e+01 2.263076923076923208e+02 1.400000000000000000e+01
4.250000000000000000e+02 2.790000000000000000e+02 2.327500000000000000e+02 5.000000000000000000e+00
1.490000000000000000e+02 1.280000000000000000e+02 2.370000000000000000e+02 2.000000000000000000e+00
4.260000000000000000e+02 3.700000000000000000e+01 2.289285714285714164e+02 1.500000000000000000e+01
4.270000000000000000e+02 2.730000000000000000e+02 2.338000000000000114e+02 6.000000000000000000e+00
4.280000000000000000e+02 2.420000000000000000e+02 2.316666666666666572e+02 1.600000000000000000e+01
4.300000000000000000e+02 4.290000000000000000e+02 1.948216216216216310e+02 4.200000000000000000e+01
4.310000000000000000e+02 2.130000000000000000e+02 2.400000000000000000e+02 3.000000000000000000e+00
4.320000000000000000e+02 2.070000000000000000e+02 2.343333333333333428e+02 7.000000000000000000e+00
4.330000000000000000e+02 3.090000000000000000e+02 2.345714285714285836e+02 8.000000000000000000e+00
4.340000000000000000e+02 1.360000000000000000e+02 2.342500000000000000e+02 9.000000000000000000e+00
4.350000000000000000e+02 9.900000000000000000e+01 2.351250000000000000e+02 1.700000000000000000e+01
4.360000000000000000e+02 1.040000000000000000e+02 2.356666666666666572e+02 1.000000000000000000e+01
4.370000000000000000e+02 3.600000000000000000e+01 2.405999999999999943e+02 1.100000000000000000e+01
4.380000000000000000e+02 2.920000000000000000e+02 2.433333333333333428e+02 4.000000000000000000e+00
4.390000000000000000e+02 9.700000000000000000e+01 2.422727272727272805e+02 1.200000000000000000e+01
4.410000000000000000e+02 4.400000000000000000e+02 1.647599999999999909e+02 2.500000000000000000e+01
4.420000000000000000e+02 1.520000000000000000e+02 2.445000000000000000e+02 5.000000000000000000e+00
2.860000000000000000e+02 2.550000000000000000e+02 2.520000000000000000e+02 2.000000000000000000e+00
4.430000000000000000e+02 2.510000000000000000e+02 2.483333333333333428e+02 1.300000000000000000e+01
4.440000000000000000e+02 4.500000000000000000e+01 2.440000000000000000e+02 6.000000000000000000e+00
4.450000000000000000e+02 2.030000000000000000e+02 2.451666666666666572e+02 7.000000000000000000e+00
4.460000000000000000e+02 1.300000000000000000e+02 2.468571428571428612e+02 8.000000000000000000e+00
4.470000000000000000e+02 1.130000000000000000e+02 2.472500000000000000e+02 9.000000000000000000e+00
4.480000000000000000e+02 2.200000000000000000e+02 2.150476190476190368e+02 4.300000000000000000e+01
4.490000000000000000e+02 1.420000000000000000e+02 2.481111111111111143e+02 1.000000000000000000e+01
4.510000000000000000e+02 4.500000000000000000e+02 2.104341085271317695e+02 4.900000000000000000e+01
4.520000000000000000e+02 5.000000000000000000e+01 2.475000000000000000e+02 1.100000000000000000e+01
4.530000000000000000e+02 1.950000000000000000e+02 2.565000000000000000e+02 3.000000000000000000e+00
4.540000000000000000e+02 5.100000000000000000e+01 2.550000000000000000e+02 1.400000000000000000e+01
4.550000000000000000e+02 3.300000000000000000e+01 2.518181818181818130e+02 1.200000000000000000e+01
4.560000000000000000e+02 5.900000000000000000e+01 2.553333333333333428e+02 1.300000000000000000e+01
4.570000000000000000e+02 6.900000000000000000e+01 2.555384615384615472e+02 1.400000000000000000e+01
4.580000000000000000e+02 3.020000000000000000e+02 2.558571428571428612e+02 1.500000000000000000e+01
4.590000000000000000e+02 9.500000000000000000e+01 2.561333333333333258e+02 1.600000000000000000e+01
4.600000000000000000e+02 1.810000000000000000e+02 2.571875000000000000e+02 1.700000000000000000e+01
4.610000000000000000e+02 2.200000000000000000e+01 2.636666666666666856e+02 4.000000000000000000e+00
4.620000000000000000e+02 1.690000000000000000e+02 2.589411764705882320e+02 1.800000000000000000e+01
4.630000000000000000e+02 1.470000000000000000e+02 2.642500000000000000e+02 5.000000000000000000e+00
4.640000000000000000e+02 1.020000000000000000e+02 2.600555555555555429e+02 1.900000000000000000e+01
4.650000000000000000e+02 2.890000000000000000e+02 2.663999999999999773e+02 6.000000000000000000e+00
4.670000000000000000e+02 4.660000000000000000e+02 2.104540816326530717e+02 5.700000000000000000e+01
4.680000000000000000e+02 2.500000000000000000e+02 2.605789473684210407e+02 2.000000000000000000e+01
4.690000000000000000e+02 2.470000000000000000e+02 2.670000000000000000e+02 7.000000000000000000e+00
4.700000000000000000e+02 1.970000000000000000e+02 2.673000000000000114e+02 2.100000000000000000e+01
4.710000000000000000e+02 1.770000000000000000e+02 2.668571428571428328e+02 8.000000000000000000e+00
4.720000000000000000e+02 2.760000000000000000e+02 2.703750000000000000e+02 9.000000000000000000e+00
4.730000000000000000e+02 8.400000000000000000e+01 2.730000000000000000e+02 1.000000000000000000e+01
4.740000000000000000e+02 1.070000000000000000e+02 2.745000000000000000e+02 1.100000000000000000e+01
4.750000000000000000e+02 2.160000000000000000e+02 2.785454545454545610e+02 1.200000000000000000e+01
1.870000000000000000e+02 7.200000000000000000e+01 2.910000000000000000e+02 2.000000000000000000e+00
4.760000000000000000e+02 5.000000000000000000e+00 2.805833333333333144e+02 1.300000000000000000e+01
4.770000000000000000e+02 1.410000000000000000e+02 2.829230769230769056e+02 1.400000000000000000e+01
4.780000000000000000e+02 1.250000000000000000e+02 2.831428571428571672e+02 1.500000000000000000e+01
4.790000000000000000e+02 9.100000000000000000e+01 2.839333333333333371e+02 1.600000000000000000e+01
4.800000000000000000e+02 7.800000000000000000e+01 2.879375000000000000e+02 1.700000000000000000e+01
4.810000000000000000e+02 1.820000000000000000e+02 2.965000000000000000e+02 3.000000000000000000e+00
4.820000000000000000e+02 2.950000000000000000e+02 2.882941176470588402e+02 1.800000000000000000e+01
4.830000000000000000e+02 1.750000000000000000e+02 2.888888888888889142e+02 1.900000000000000000e+01
4.840000000000000000e+02 1.140000000000000000e+02 2.905263157894736992e+02 2.000000000000000000e+01
4.850000000000000000e+02 2.960000000000000000e+02 3.030000000000000000e+02 4.000000000000000000e+00
4.860000000000000000e+02 3.800000000000000000e+01 2.906499999999999773e+02 2.100000000000000000e+01
4.870000000000000000e+02 4.900000000000000000e+01 3.022500000000000000e+02 5.000000000000000000e+00
4.880000000000000000e+02 2.000000000000000000e+02 2.912857142857142776e+02 2.200000000000000000e+01
4.890000000000000000e+02 2.370000000000000000e+02 2.923636363636363740e+02 2.300000000000000000e+01
4.900000000000000000e+02 2.210000000000000000e+02 2.942608695652173765e+02 2.400000000000000000e+01
4.910000000000000000e+02 1.550000000000000000e+02 2.946666666666666856e+02 2.500000000000000000e+01
3.060000000000000000e+02 2.520000000000000000e+02 3.130000000000000000e+02 2.000000000000000000e+00
4.920000000000000000e+02 1.110000000000000000e+02 3.053999999999999773e+02 6.000000000000000000e+00
4.930000000000000000e+02 4.300000000000000000e+01 3.061666666666666856e+02 7.000000000000000000e+00
4.940000000000000000e+02 2.600000000000000000e+01 3.084285714285714448e+02 8.000000000000000000e+00
4.950000000000000000e+02 1.450000000000000000e+02 3.091250000000000000e+02 9.000000000000000000e+00
4.960000000000000000e+02 2.620000000000000000e+02 3.028799999999999955e+02 2.600000000000000000e+01
4.980000000000000000e+02 4.970000000000000000e+02 2.005707602339181221e+02 7.200000000000000000e+01
4.990000000000000000e+02 1.600000000000000000e+01 3.105555555555555429e+02 1.000000000000000000e+01
5.000000000000000000e+02 2.900000000000000000e+01 3.181000000000000227e+02 1.100000000000000000e+01
5.010000000000000000e+02 2.180000000000000000e+02 3.225000000000000000e+02 3.000000000000000000e+00
5.020000000000000000e+02 2.410000000000000000e+02 3.276666666666666856e+02 4.000000000000000000e+00
5.030000000000000000e+02 2.680000000000000000e+02 3.302500000000000000e+02 5.000000000000000000e+00
5.040000000000000000e+02 1.790000000000000000e+02 3.220909090909090651e+02 1.200000000000000000e+01
5.050000000000000000e+02 6.500000000000000000e+01 3.226666666666666856e+02 1.300000000000000000e+01
5.060000000000000000e+02 3.000000000000000000e+01 3.191538461538461320e+02 2.700000000000000000e+01
5.070000000000000000e+02 1.320000000000000000e+02 3.280769230769230944e+02 1.400000000000000000e+01
5.080000000000000000e+02 2.040000000000000000e+02 3.333999999999999773e+02 6.000000000000000000e+00
5.090000000000000000e+02 1.480000000000000000e+02 3.328333333333333144e+02 7.000000000000000000e+00
5.100000000000000000e+02 2.350000000000000000e+02 3.344285714285714448e+02 8.000000000000000000e+00
5.110000000000000000e+02 2.610000000000000000e+02 3.358750000000000000e+02 9.000000000000000000e+00
5.120000000000000000e+02 2.490000000000000000e+02 3.370000000000000000e+02 1.000000000000000000e+01
5.130000000000000000e+02 1.960000000000000000e+02 3.403000000000000114e+02 1.100000000000000000e+01
5.140000000000000000e+02 2.500000000000000000e+01 3.400000000000000000e+02 1.200000000000000000e+01
5.150000000000000000e+02 2.450000000000000000e+02 3.448333333333333144e+02 1.300000000000000000e+01
5.160000000000000000e+02 1.560000000000000000e+02 3.497692307692307736e+02 1.400000000000000000e+01
5.170000000000000000e+02 2.090000000000000000e+02 3.522142857142857224e+02 1.500000000000000000e+01
5.180000000000000000e+02 1.800000000000000000e+01 3.536000000000000227e+02 1.600000000000000000e+01
5.190000000000000000e+02 1.460000000000000000e+02 3.567500000000000000e+02 1.700000000000000000e+01
5.210000000000000000e+02 5.200000000000000000e+02 2.425185185185185048e+02 7.800000000000000000e+01
2.530000000000000000e+02 1.710000000000000000e+02 3.700000000000000000e+02 2.000000000000000000e+00
5.220000000000000000e+02 5.200000000000000000e+01 3.567058823529411598e+02 1.800000000000000000e+01
5.240000000000000000e+02 5.230000000000000000e+02 2.409262820512820440e+02 9.400000000000000000e+01
5.250000000000000000e+02 2.050000000000000000e+02 3.590000000000000000e+02 1.500000000000000000e+01
5.260000000000000000e+02 9.600000000000000000e+01 3.755000000000000000e+02 3.000000000000000000e+00
5.270000000000000000e+02 1.260000000000000000e+02 3.652777777777777715e+02 1.900000000000000000e+01
5.280000000000000000e+02 2.750000000000000000e+02 3.783333333333333144e+02 4.000000000000000000e+00
5.290000000000000000e+02 1.160000000000000000e+02 3.670000000000000000e+02 2.000000000000000000e+01
5.300000000000000000e+02 1.900000000000000000e+02 3.675000000000000000e+02 2.100000000000000000e+01
5.310000000000000000e+02 3.400000000000000000e+01 3.825000000000000000e+02 5.000000000000000000e+00
5.320000000000000000e+02 2.710000000000000000e+02 3.811999999999999886e+02 6.000000000000000000e+00
5.330000000000000000e+02 2.480000000000000000e+02 3.826666666666666856e+02 7.000000000000000000e+00
5.340000000000000000e+02 1.200000000000000000e+01 3.832857142857142776e+02 8.000000000000000000e+00
5.350000000000000000e+02 2.360000000000000000e+02 3.789333333333333371e+02 1.600000000000000000e+01
5.360000000000000000e+02 4.700000000000000000e+01 3.877500000000000000e+02 9.000000000000000000e+00
5.370000000000000000e+02 1.730000000000000000e+02 3.891111111111110858e+02 1.000000000000000000e+01
5.380000000000000000e+02 1.940000000000000000e+02 3.940000000000000000e+02 1.100000000000000000e+01
5.400000000000000000e+02 5.390000000000000000e+02 2.599981226533166705e+02 1.110000000000000000e+02
5.410000000000000000e+02 7.900000000000000000e+01 4.004545454545454390e+02 1.200000000000000000e+01
5.420000000000000000e+02 3.070000000000000000e+02 4.040833333333333144e+02 1.300000000000000000e+01
5.430000000000000000e+02 1.880000000000000000e+02 4.039230769230769056e+02 1.400000000000000000e+01
2.870000000000000000e+02 1.500000000000000000e+02 4.120000000000000000e+02 2.000000000000000000e+00
5.440000000000000000e+02 6.200000000000000000e+01 4.050000000000000000e+02 1.500000000000000000e+01
5.450000000000000000e+02 5.400000000000000000e+01 4.068000000000000114e+02 1.600000000000000000e+01
5.460000000000000000e+02 1.700000000000000000e+01 4.195000000000000000e+02 3.000000000000000000e+00
5.470000000000000000e+02 2.440000000000000000e+02 4.150000000000000000e+02 1.700000000000000000e+01
5.480000000000000000e+02 1.610000000000000000e+02 4.196666666666666856e+02 4.000000000000000000e+00
5.490000000000000000e+02 7.700000000000000000e+01 4.245000000000000000e+02 5.000000000000000000e+00
5.500000000000000000e+02 1.120000000000000000e+02 4.243999999999999773e+02 6.000000000000000000e+00
5.510000000000000000e+02 1.900000000000000000e+01 4.283333333333333144e+02 7.000000000000000000e+00
5.520000000000000000e+02 2.010000000000000000e+02 4.291428571428571672e+02 8.000000000000000000e+00
5.530000000000000000e+02 2.060000000000000000e+02 4.316250000000000000e+02 9.000000000000000000e+00
5.540000000000000000e+02 1.890000000000000000e+02 4.323333333333333144e+02 1.000000000000000000e+01
5.550000000000000000e+02 1.080000000000000000e+02 4.366999999999999886e+02 1.100000000000000000e+01
5.560000000000000000e+02 9.800000000000000000e+01 4.474545454545454390e+02 1.200000000000000000e+01
5.570000000000000000e+02 4.200000000000000000e+01 4.537500000000000000e+02 1.300000000000000000e+01
5.580000000000000000e+02 3.500000000000000000e+01 4.501428571428571672e+02 2.200000000000000000e+01
5.600000000000000000e+02 5.590000000000000000e+02 2.830122265122265048e+02 1.250000000000000000e+02
5.610000000000000000e+02 7.100000000000000000e+01 4.575384615384615472e+02 1.400000000000000000e+01
2.300000000000000000e+02 9.400000000000000000e+01 4.730000000000000000e+02 2.000000000000000000e+00
5.620000000000000000e+02 1.390000000000000000e+02 4.626428571428571672e+02 1.500000000000000000e+01
5.630000000000000000e+02 1.100000000000000000e+01 4.685333333333333599e+02 1.600000000000000000e+01
5.640000000000000000e+02 2.540000000000000000e+02 4.840000000000000000e+02 3.000000000000000000e+00
5.650000000000000000e+02 2.280000000000000000e+02 4.710625000000000000e+02 1.700000000000000000e+01
5.660000000000000000e+02 2.820000000000000000e+02 4.747058823529411598e+02 1.800000000000000000e+01
5.670000000000000000e+02 2.670000000000000000e+02 4.850000000000000000e+02 4.000000000000000000e+00
5.680000000000000000e+02 1.980000000000000000e+02 4.773888888888889142e+02 1.900000000000000000e+01
5.690000000000000000e+02 1.840000000000000000e+02 4.942500000000000000e+02 5.000000000000000000e+00
5.700000000000000000e+02 1.740000000000000000e+02 4.966000000000000227e+02 6.000000000000000000e+00
5.710000000000000000e+02 2.460000000000000000e+02 4.973333333333333144e+02 7.000000000000000000e+00
5.720000000000000000e+02 2.910000000000000000e+02 4.981428571428571672e+02 8.000000000000000000e+00
5.730000000000000000e+02 7.500000000000000000e+01 5.043750000000000000e+02 9.000000000000000000e+00
5.750000000000000000e+02 5.740000000000000000e+02 3.100727619047619328e+02 1.460000000000000000e+02
5.760000000000000000e+02 2.220000000000000000e+02 5.087777777777777715e+02 1.000000000000000000e+01
5.770000000000000000e+02 2.930000000000000000e+02 5.125000000000000000e+02 1.100000000000000000e+01
5.780000000000000000e+02 1.350000000000000000e+02 5.123636363636363740e+02 1.200000000000000000e+01
5.790000000000000000e+02 2.240000000000000000e+02 5.319166666666666288e+02 1.300000000000000000e+01
5.800000000000000000e+02 2.000000000000000000e+01 5.268235294117647527e+02 1.800000000000000000e+01
5.810000000000000000e+02 2.380000000000000000e+02 5.356923076923077360e+02 1.400000000000000000e+01
5.820000000000000000e+02 2.970000000000000000e+02 5.498571428571428896e+02 1.500000000000000000e+01
5.830000000000000000e+02 1.920000000000000000e+02 5.493333333333333712e+02 1.600000000000000000e+01
5.840000000000000000e+02 3.030000000000000000e+02 5.852500000000000000e+02 1.700000000000000000e+01
5.850000000000000000e+02 2.630000000000000000e+02 5.857647058823529278e+02 1.800000000000000000e+01
8.000000000000000000e+00 1.010000000000000000e+02 6.360000000000000000e+02 2.000000000000000000e+00
8.300000000000000000e+01 6.100000000000000000e+01 6.380000000000000000e+02 2.000000000000000000e+00
5.860000000000000000e+02 1.170000000000000000e+02 5.908333333333333712e+02 1.900000000000000000e+01
5.870000000000000000e+02 2.230000000000000000e+02 6.172631578947368780e+02 2.000000000000000000e+01
5.890000000000000000e+02 5.880000000000000000e+02 3.094002739726027471e+02 1.710000000000000000e+02
5.900000000000000000e+02 2.140000000000000000e+02 6.221052631578946830e+02 2.000000000000000000e+01
5.910000000000000000e+02 1.330000000000000000e+02 6.302000000000000455e+02 2.100000000000000000e+01
5.920000000000000000e+02 2.840000000000000000e+02 6.655000000000000000e+02 3.000000000000000000e+00
5.930000000000000000e+02 1.500000000000000000e+01 6.382857142857143344e+02 2.200000000000000000e+01
5.940000000000000000e+02 1.630000000000000000e+02 7.680000000000000000e+02 4.000000000000000000e+00
5.960000000000000000e+02 5.950000000000000000e+02 3.941776045050899029e+02 1.980000000000000000e+02
5.980000000000000000e+02 5.970000000000000000e+02 7.076363636363636260e+02 2.400000000000000000e+01
5.990000000000000000e+02 2.190000000000000000e+02 8.052500000000000000e+02 5.000000000000000000e+00
6.010000000000000000e+02 6.000000000000000000e+02 4.623664772727272521e+02 2.140000000000000000e+02
6.020000000000000000e+02 1.380000000000000000e+02 9.040000000000000000e+02 6.000000000000000000e+00
6.030000000000000000e+02 2.570000000000000000e+02 9.060000000000000000e+02 7.000000000000000000e+00
1.530000000000000000e+02 9.300000000000000000e+01 1.054000000000000000e+03 2.000000000000000000e+00
6.040000000000000000e+02 2.400000000000000000e+02 9.570000000000000000e+02 8.000000000000000000e+00
6.050000000000000000e+02 3.200000000000000000e+01 1.085000000000000000e+03 3.000000000000000000e+00
6.070000000000000000e+02 6.060000000000000000e+02 5.253122344944774795e+02 2.360000000000000000e+02
6.080000000000000000e+02 1.220000000000000000e+02 1.085125000000000000e+03 9.000000000000000000e+00
6.100000000000000000e+02 6.090000000000000000e+02 6.372271657250470298e+02 2.540000000000000000e+02
6.120000000000000000e+02 6.110000000000000000e+02 7.599005905511811534e+02 2.740000000000000000e+02
6.140000000000000000e+02 6.130000000000000000e+02 9.874530109489051029e+02 2.980000000000000000e+02
6.150000000000000000e+02 2.800000000000000000e+01 2.057333333333333485e+03 4.000000000000000000e+00
6.170000000000000000e+02 6.160000000000000000e+02 1.631624161073825462e+03 3.070000000000000000e+02
6.190000000000000000e+02 6.180000000000000000e+02 2.897770358306188882e+03 3.110000000000000000e+02
